61
KX434773.1     0.0000000 0.0048000 0.0144355 0.0146254 0.0146254 0.0200092 0.0146015 0.0195635 0.0301235 0.0481972 0.0365379 0.0202487 0.0324192 0.0324192 0.0454677 0.0522138 0.0665413 0.0431450 0.2285195 0.1593359 0.1507085 0.1569275 0.1152820 0.0975730 0.2028007 0.1406911 0.2039027 0.1415780 0.0505762 0.2075159 0.2471196 0.1728780 0.1728780 0.1705978 0.1705978 0.1533192 0.1593850 0.1439881 0.2049526 0.1435327 0.1979197 0.2025501 0.2547387 0.1654250 0.1976432 0.2391829 0.2002088 0.1859444 0.1565889 0.0638657 0.0889425 0.1462205 0.2233390 0.1352727 0.8046754 0.4629968 0.9812834 1.2244232 1.4290017 0.4868173 1.1344856 
MH174521.1     0.0048000 0.0000000 0.0131644 0.0198607 0.0202646 0.0259854 0.0187045 0.0205168 0.0365099 0.0556000 0.0433639 0.0160372 0.0126102 0.0393093 0.0383228 0.0242991 0.0582821 0.0504190 0.0572063 0.0643214 0.0509755 0.0390693 0.0459745 0.0277712 0.0601760 0.0381581 0.0478961 0.0564131 0.0416270 0.1090696 0.1075771 0.0800846 0.0862694 0.0807400 0.1057226 0.0942202 0.1461971 0.0951783 0.1084013 0.0858925 0.0846801 0.0851386 0.0986920 0.1520942 0.1002797 0.1283751 0.1213409 0.0884953 0.1602678 0.0722710 0.0796412 0.1590253 0.2401489 0.1573228 0.2109247 0.1922975 0.2706973 0.3413925 0.2269761 0.5340512 1.2328499 
KC708397.1     0.0144355 0.0131644 0.0000000 0.0200097 0.0197520 0.0253263 0.0272976 0.0254798 0.0247359 0.0422243 0.0308754 0.0173897 0.0229219 0.0382933 0.0392462 0.0330449 0.0734970 0.0491699 0.0846370 0.0820048 0.0684618 0.0614678 0.0559219 0.0522034 0.0718923 0.0585306 0.0670542 0.0654430 0.0499677 0.1112974 0.1232092 0.1159989 0.1159989 0.1111348 0.1111348 0.1059481 0.1593850 0.1171895 0.1206883 0.1043758 0.1131586 0.1213489 0.1258645 0.1861696 0.1167640 0.1401129 0.1215582 0.1149478 0.1768406 0.0705301 0.0964949 0.1369548 0.2600669 0.1731771 0.2527617 0.2567955 0.4284137 0.4289784 0.2953166 0.5242605 1.1901130 
MH174558.1     0.0146254 0.0198607 0.0200097 0.0000000 0.0000010 0.0047393 0.0114166 0.0100909 0.0250485 0.0427256 0.0312625 0.0083421 0.0147802 0.0269944 0.0397459 0.0289334 0.0590287 0.0367972 0.0527358 0.0602707 0.0468736 0.0320691 0.0388184 0.0253863 0.0547572 0.0350543 0.0400826 0.0552088 0.0352225 0.0914272 0.1002606 0.0760810 0.0823712 0.0761862 0.0994292 0.0893423 0.1812307 0.0951492 0.0963042 0.0800002 0.0803803 0.0777898 0.0927483 0.1770532 0.0896506 0.1190808 0.0977559 0.0771058 0.1888607 0.0566837 0.0806671 0.1382299 0.2620854 0.1344305 0.2013536 0.1821275 0.2758543 0.3174451 0.2241583 0.5685497 1.1436693 
Taxa_27        0.0146254 0.0202646 0.0197520 0.0000010 0.0000000 0.0047393 0.0094771 0.0146494 0.0250485 0.0427256 0.0312625 0.0151730 0.0269944 0.0269944 0.0397459 0.0594122 0.0590287 0.0367972 0.2679290 0.1706053 0.1619875 0.1683033 0.1251499 0.1068425 0.1932235 0.1326807 0.1943053 0.1619317 0.0320210 0.2088960 0.2486182 0.1956834 0.1956834 0.1931372 0.1931372 0.1644670 0.1812307 0.1548344 0.1952969 0.1543457 0.2106512 0.2155336 0.2438249 0.1770532 0.2340588 0.2798526 0.2015483 0.1872250 0.1888607 0.0566837 0.0806671 0.1382299 0.2620854 0.1253053 0.7297754 0.4050203 0.9653341 1.1941743 1.3950219 0.5491668 1.1110389 
Taxa_234       0.0200092 0.0259854 0.0253263 0.0047393 0.0047393 0.0000000 0.0145926 0.0200422 0.0308251 0.0492380 0.0373762 0.0098459 0.0332109 0.0332109 0.0332223 0.0668942 0.0664977 0.0431187 0.2530519 0.1822772 0.1506090 0.1568254 0.1152055 0.1164410 0.1808520 0.1225479 0.1819018 0.1508067 0.0382970 0.1959257 0.2343060 0.1831749 0.1831749 0.1807775 0.1807775 0.1532202 0.1692654 0.1438945 0.1828208 0.1434394 0.1977944 0.2024211 0.2297211 0.1653183 0.2203066 0.2644920 0.1889657 0.1751667 0.1767272 0.0497850 0.0727003 0.1486410 0.2474527 0.1351868 0.7005023 0.3851620 0.9275846 1.1420870 1.3467186 0.5732452 1.1110389 
MH174584.1     0.0146015 0.0187045 0.0272976 0.0114166 0.0094771 0.0145926 0.0000000 0.0166243 0.0359833 0.0547778 0.0427256 0.0272673 0.0233905 0.0387092 0.0522996 0.0364651 0.0726523 0.0485736 0.0651654 0.0621591 0.0547825 0.0403717 0.0392789 0.0322779 0.0534143 0.0427856 0.0495574 0.0518504 0.0352016 0.1000862 0.0994221 0.0825022 0.0886611 0.0864037 0.0950836 0.0919323 0.1705978 0.0941706 0.0992650 0.0850224 0.0894177 0.0903021 0.1034610 0.1767272 0.0975337 0.1002797 0.1094097 0.0942245 0.1676226 0.0441216 0.0663701 0.1565974 0.2365119 0.1341956 0.2018861 0.1885131 0.2746235 0.3236072 0.2215320 0.5269808 1.1190317 
MH174489.1     0.0195635 0.0205168 0.0254798 0.0100909 0.0146494 0.0200422 0.0166243 0.0000000 0.0095137 0.0254093 0.0148685 0.0159910 0.0133178 0.0324743 0.0455455 0.0280516 0.0809074 0.0555329 0.0528141 0.0612002 0.0478452 0.0313358 0.0404574 0.0263309 0.0530708 0.0343051 0.0411479 0.0533740 0.0377409 0.1001514 0.1003241 0.0774436 0.0835174 0.0775501 0.1019526 0.0914159 0.1908702 0.0949700 0.0990580 0.0811321 0.0792885 0.0791587 0.0939505 0.1657290 0.0917308 0.1213992 0.1026975 0.0762806 0.1986318 0.0776249 0.1046035 0.1464799 0.2739679 0.1638052 0.2033121 0.1895758 0.2857249 0.3479340 0.2293292 0.5458356 1.1682652 
Taxa_361       0.0301235 0.0365099 0.0247359 0.0250485 0.0250485 0.0308251 0.0359833 0.0095137 0.0000000 0.0148191 0.0254093 0.0312055 0.0443874 0.0443874 0.0583288 0.0795670 0.0957812 0.0684349 0.3074417 0.1593359 0.1921548 0.1670965 0.1424134 0.1231708 0.1706630 0.1316565 0.2039027 0.1607677 0.0505762 0.2310928 0.2471196 0.2170951 0.2170951 0.2142943 0.2142943 0.1837893 0.2017341 0.1736637 0.1939698 0.1731187 0.2326822 0.2379947 0.2680268 0.1758124 0.2705686 0.3207136 0.2002088 0.1859444 0.2096458 0.0918900 0.1044236 0.1462205 0.3009531 0.1536241 0.7141196 0.4445388 1.0476751 1.2916013 1.4691305 0.5462312 1.1572519 
Taxa_15        0.0481972 0.0556000 0.0422243 0.0427256 0.0427256 0.0492380 0.0547778 0.0254093 0.0148191 0.0000000 0.0433057 0.0498727 0.0649442 0.0649442 0.0805595 0.1040732 0.1220611 0.0910561 0.3572992 0.1930660 0.2300422 0.2021668 0.1746428 0.1345654 0.1842046 0.1626714 0.2187386 0.1947956 0.0716911 0.2731771 0.2908643 0.2576674 0.2576674 0.2543672 0.2543672 0.2202696 0.2405292 0.2091235 0.2320674 0.2084745 0.2486108 0.2542252 0.3139155 0.2116748 0.2881683 0.3402716 0.2148483 0.1999637 0.2490319 0.1170969 0.1315831 0.1371097 0.3195979 0.1861169 0.7527218 0.5095913 1.1018522 1.4108425 1.5476571 0.6158868 1.2717070 
Taxa_57        0.0365379 0.0433639 0.0308754 0.0312625 0.0312625 0.0373762 0.0427256 0.0148685 0.0254093 0.0433057 0.0000000 0.0378517 0.0518633 0.0518633 0.0531080 0.0741083 0.0900929 0.0632771 0.2939260 0.1903661 0.2069658 0.1355788 0.1521609 0.1323479 0.1814284 0.1410439 0.2044146 0.1486952 0.0718119 0.2437855 0.2603177 0.2293317 0.2293317 0.2263814 0.2263814 0.1947956 0.1909963 0.1843669 0.2054687 0.1837893 0.2452955 0.2508495 0.2269708 0.1866379 0.2617395 0.3108319 0.2118086 0.1970655 0.2215218 0.1014245 0.1318123 0.1784320 0.3202372 0.1864523 0.8013767 0.4644802 1.0619094 1.2936354 1.4806721 0.5473987 1.0807294 
KC708407.1     0.0202487 0.0160372 0.0173897 0.0083421 0.0151730 0.0098459 0.0272673 0.0159910 0.0312055 0.0498727 0.0378517 0.0000000 0.0120363 0.0262883 0.0207355 0.0256920 0.0655091 0.0573625 0.0668615 0.0734768 0.0517622 0.0503184 0.0435852 0.0455613 0.0616557 0.0488782 0.0546128 0.0476544 0.0452725 0.0871308 0.0979138 0.0913788 0.0913788 0.0899218 0.0899218 0.0805732 0.1612901 0.0968676 0.0937362 0.0845863 0.0907832 0.1005689 0.1100461 0.1676012 0.0980131 0.1221941 0.1007553 0.0947874 0.1686969 0.0646709 0.0901002 0.1350913 0.2382350 0.1683267 0.2159991 0.2200703 0.4072795 0.4148422 0.2629297 0.5996262 1.1901130 
JF414224.1     0.0324192 0.0126102 0.0229219 0.0147802 0.0269944 0.0332109 0.0233905 0.0133178 0.0443874 0.0649442 0.0518633 0.0120363 0.0000000 0.0000010 0.0530423 0.0238421 0.0900626 0.0733533 0.0582585 0.0556658 0.0471434 0.0378720 0.0409534 0.0325779 0.0507201 0.0424375 0.0449922 0.0469596 0.0349361 0.1006047 0.0924760 0.0798788 0.0879167 0.0799875 0.0877465 0.0827936 0.1803297 0.0888284 0.0927382 0.0824446 0.0864154 0.0846627 0.0980239 0.1868950 0.0911399 0.1155335 0.1150857 0.0851227 0.1880760 0.0982256 0.1288823 0.0889813 0.2890931 0.1637680 0.1759689 0.1732141 0.2932222 0.3538439 0.2016852 0.5937678 1.2919198 
Taxa_535       0.0324192 0.0393093 0.0382933 0.0269944 0.0269944 0.0332109 0.0387092 0.0324743 0.0443874 0.0649442 0.0518633 0.0262883 0.0000010 0.0000000 0.0530423 0.0777187 0.0900626 0.0733533 0.2954243 0.1906810 0.1819240 0.1572415 0.1619061 0.1410942 0.2156286 0.1501955 0.1823768 0.2035968 0.0681790 0.2083700 0.2485356 0.1949839 0.1949839 0.1924068 0.1924068 0.1633221 0.1803297 0.1535301 0.1945930 0.1530353 0.2101539 0.2150919 0.2436951 0.1868950 0.2463666 0.2939708 0.2124536 0.1974906 0.1880760 0.0982256 0.1288823 0.0889813 0.2890931 0.1536636 0.7725297 0.4506661 1.0512981 1.3341556 1.5132642 0.5735038 1.2570059 
KX434777.1     0.0454677 0.0383228 0.0392462 0.0397459 0.0397459 0.0332223 0.0522996 0.0455455 0.0583288 0.0805595 0.0531080 0.0207355 0.0530423 0.0530423 0.0000000 0.0456848 0.0662894 0.0750086 0.2717293 0.1972235 0.1643445 0.1605889 0.1042715 0.1054141 0.1668740 0.1113675 0.1754157 0.1744870 0.0664595 0.2006078 0.2397493 0.1875943 0.1875943 0.1851254 0.1851254 0.1569529 0.1273987 0.1317026 0.1980976 0.1469696 0.2047516 0.1875235 0.2111888 0.1521353 0.2252877 0.2702663 0.2159409 0.2009537 0.1809630 0.0984238 0.0988245 0.1818447 0.2657928 0.2093616 0.6742362 0.3213990 0.8982624 1.2552595 1.1868691 0.5825892 1.1645698 
MH174481.1     0.0522138 0.0242991 0.0330449 0.0289334 0.0594122 0.0668942 0.0364651 0.0280516 0.0795670 0.1040732 0.0741083 0.0256920 0.0238421 0.0777187 0.0456848 0.0000000 0.0684384 0.0684384 0.0670926 0.0767629 0.0609336 0.0470609 0.0519283 0.0377246 0.0674635 0.0472570 0.0477717 0.0674128 0.0534127 0.1089037 0.1153295 0.0841071 0.0937929 0.0842199 0.1093326 0.0983909 0.1129924 0.1035685 0.1186891 0.0953920 0.0965508 0.0875083 0.1080453 0.1273508 0.1041885 0.1320349 0.1177345 0.0911575 0.1810854 0.1440537 0.1296637 0.2253901 0.2530079 0.1864734 0.2059486 0.1873783 0.2972388 0.3301559 0.2269657 0.5008860 0.9748843 
Taxa_29        0.0665413 0.0582821 0.0734970 0.0590287 0.0590287 0.0664977 0.0726523 0.0809074 0.0957812 0.1220611 0.0900929 0.0655091 0.0900626 0.0900626 0.0662894 0.0684384 0.0000000 0.0155647 0.2687600 0.2287020 0.2198002 0.2391435 0.1780461 0.1565276 0.2591641 0.1866140 0.2986435 0.2306105 0.0700987 0.3186747 0.3701986 0.2470841 0.2470841 0.2698937 0.2698937 0.2340068 0.2088681 0.2016685 0.3150575 0.2460643 0.2794522 0.2720378 0.3322120 0.2396197 0.2910270 0.3437720 0.3377765 0.3177497 0.2642445 0.1345714 0.1351704 0.2424684 0.2522446 0.2220007 0.8028121 0.4166832 0.8808180 1.2548323 1.1670319 0.6809540 1.1292312 
Taxa_1038      0.0431450 0.0504190 0.0491699 0.0367972 0.0367972 0.0431187 0.0485736 0.0555329 0.0684349 0.0910561 0.0632771 0.0573625 0.0733533 0.0733533 0.0750086 0.0684384 0.0155647 0.0000000 0.2454671 0.2080337 0.1993149 0.2060255 0.1780461 0.1565276 0.2591641 0.1866140 0.2603477 0.1985057 0.0788003 0.3062202 0.3562642 0.2368894 0.2368894 0.2590067 0.2590067 0.2243715 0.2205923 0.2130599 0.2888640 0.2360246 0.2794522 0.2856554 0.3193828 0.2396197 0.2532065 0.3014016 0.2960891 0.2778034 0.2535771 0.1015681 0.1320984 0.2141166 0.2302136 0.1765137 0.8158731 0.4709137 0.9765779 1.2566951 1.3260381 0.6024317 1.0208636 
KC708400.1     0.2285195 0.0572063 0.0846370 0.0527358 0.2679290 0.2530519 0.0651654 0.0528141 0.3074417 0.3572992 0.2939260 0.0668615 0.0582585 0.2954243 0.2717293 0.0670926 0.2687600 0.2454671 0.0000000 0.0247773 0.0280086 0.0518784 0.0518195 0.0457015 0.0638349 0.0559733 0.0564736 0.0520773 0.0802480 0.0993708 0.0863556 0.0745143 0.0800201 0.0754662 0.0818682 0.0763755 0.3411302 0.0890595 0.0803796 0.0794264 0.0790459 0.0710486 0.0859507 0.3865916 0.0789944 0.0978317 0.1125619 0.0863528 0.3160485 0.2728811 0.3488406 0.4915958 0.0775051 0.3733644 0.1797664 0.1924284 0.3115427 0.3052695 0.1711549 0.8119198 1.0967271 
MH174511.1     0.1593359 0.0643214 0.0820048 0.0602707 0.1706053 0.1822772 0.0621591 0.0612002 0.1593359 0.1930660 0.1903661 0.0734768 0.0556658 0.1906810 0.1972235 0.0767629 0.2287020 0.2080337 0.0247773 0.0000000 0.0263248 0.0478767 0.0513239 0.0425458 0.0665492 0.0537952 0.0529065 0.0618020 0.0902567 0.0954517 0.0947481 0.0723426 0.0787276 0.0733008 0.0938566 0.0839305 0.2626811 0.0961094 0.0924862 0.0806711 0.0802238 0.0719222 0.0894852 0.3013951 0.0869915 0.1213587 0.1037103 0.0768031 0.2418851 0.2243416 0.2350068 0.3463408 0.1417621 0.3229849 0.1851052 0.1870427 0.3030574 0.3235154 0.2034318 0.6460996 1.1329752 
KC708441.1     0.1507085 0.0509755 0.0684618 0.0468736 0.1619875 0.1506090 0.0547825 0.0478452 0.1921548 0.2300422 0.2069658 0.0517622 0.0471434 0.1819240 0.1643445 0.0609336 0.2198002 0.1993149 0.0280086 0.0263248 0.0000000 0.0498759 0.0469751 0.0349376 0.0527698 0.0466881 0.0467786 0.0506398 0.0717931 0.0896903 0.0853284 0.0716526 0.0786345 0.0770044 0.0838900 0.0793722 0.2531850 0.0953628 0.0849970 0.0794269 0.0840980 0.0738004 0.0894783 0.2915541 0.0871117 0.1075514 0.0985402 0.0754366 0.2487803 0.2122100 0.2474072 0.3673814 0.1220902 0.3756447 0.1724227 0.1800406 0.3143450 0.3326609 0.1890620 0.7742357 1.2805491 
JF414223.1     0.1569275 0.0390693 0.0614678 0.0320691 0.1683033 0.1568254 0.0403717 0.0313358 0.1670965 0.2021668 0.1355788 0.0503184 0.0378720 0.1572415 0.1605889 0.0470609 0.2391435 0.2060255 0.0518784 0.0478767 0.0498759 0.0000000 0.0312913 0.0278393 0.0358361 0.0298833 0.0359502 0.0231498 0.0580902 0.0779050 0.0761172 0.0653182 0.0698969 0.0685450 0.0725310 0.0690658 0.1426747 0.0790470 0.0782690 0.0731504 0.0730336 0.0671861 0.0752572 0.1486410 0.0773316 0.0969861 0.0780024 0.0623898 0.1595880 0.1823679 0.2296275 0.2944016 0.3947418 0.3065157 0.1656036 0.1688051 0.3047609 0.3319065 0.1785913 0.3919442 1.0377970 
MH174546.1     0.1152820 0.0459745 0.0559219 0.0388184 0.1251499 0.1152055 0.0392789 0.0404574 0.1424134 0.1746428 0.1521609 0.0435852 0.0409534 0.1619061 0.1042715 0.0519283 0.1780461 0.1780461 0.0518195 0.0513239 0.0469751 0.0312913 0.0000000 0.0133673 0.0387848 0.0286015 0.0310147 0.0504541 0.0705599 0.0781815 0.0935370 0.0709451 0.0767181 0.0687017 0.0886210 0.0767939 0.1210026 0.0860952 0.0917451 0.0734299 0.0789430 0.0728414 0.0850262 0.1264563 0.0915561 0.1257265 0.0841331 0.0705910 0.1370483 0.1590965 0.1432667 0.3512603 0.3390330 0.3623876 0.2045581 0.1928201 0.2880969 0.3190340 0.2077078 0.4047585 0.9084113 
KJ952216.1     0.0975730 0.0277712 0.0522034 0.0253863 0.1068425 0.1164410 0.0322779 0.0263309 0.1231708 0.1345654 0.1323479 0.0455613 0.0325779 0.1410942 0.1054141 0.0377246 0.1565276 0.1565276 0.0457015 0.0425458 0.0349376 0.0278393 0.0133673 0.0000000 0.0296157 0.0232000 0.0327923 0.0294102 0.0512914 0.0806566 0.0694118 0.0658991 0.0649298 0.0659938 0.0649490 0.0607793 0.1309726 0.0716047 0.0661907 0.0632064 0.0663896 0.0671937 0.0704017 0.1365195 0.0727832 0.0974828 0.0876622 0.0670253 0.1599752 0.1606704 0.1354882 0.2899890 0.3115877 0.3295310 0.1555683 0.1514879 0.2744684 0.3139805 0.1581558 0.3909192 0.9903305 
AB755410.1     0.2028007 0.0601760 0.0718923 0.0547572 0.1932235 0.1808520 0.0534143 0.0530708 0.1706630 0.1842046 0.1814284 0.0616557 0.0507201 0.2156286 0.1668740 0.0674635 0.2591641 0.2591641 0.0638349 0.0665492 0.0527698 0.0358361 0.0387848 0.0296157 0.0000000 0.0111831 0.0407872 0.0474985 0.0773169 0.0801497 0.0931392 0.0662262 0.0744860 0.0679426 0.0951649 0.0831356 0.1725174 0.0944608 0.0953860 0.0814044 0.0827670 0.0718104 0.0837939 0.1490472 0.0867939 0.1194597 0.0806219 0.0636270 0.1992212 0.2354485 0.2151494 0.2977565 0.4152530 0.3791526 0.2050630 0.1922496 0.2670183 0.3290173 0.2172281 0.4674093 0.8486330 
JF414231.1     0.1406911 0.0381581 0.0585306 0.0350543 0.1326807 0.1225479 0.0427856 0.0343051 0.1316565 0.1626714 0.1410439 0.0488782 0.0424375 0.1501955 0.1113675 0.0472570 0.1866140 0.1866140 0.0559733 0.0537952 0.0466881 0.0298833 0.0286015 0.0232000 0.0111831 0.0000000 0.0347772 0.0308834 0.0572494 0.0773238 0.0804724 0.0643060 0.0770386 0.0660039 0.0726288 0.0741917 0.1165422 0.0844809 0.0841699 0.0840101 0.0802957 0.0719278 0.0863995 0.0976540 0.0800530 0.1016909 0.0814316 0.0638074 0.1380469 0.1879237 0.1705550 0.2711022 0.3813392 0.3131493 0.1765521 0.1756723 0.2697807 0.3340120 0.1848985 0.4235221 0.9079818 
KJ952213.1     0.2039027 0.0478961 0.0670542 0.0400826 0.1943053 0.1819018 0.0495574 0.0411479 0.2039027 0.2187386 0.2044146 0.0546128 0.0449922 0.1823768 0.1754157 0.0477717 0.2986435 0.2603477 0.0564736 0.0529065 0.0467786 0.0359502 0.0310147 0.0327923 0.0407872 0.0347772 0.0000000 0.0446091 0.0670967 0.0907181 0.0794080 0.0757028 0.0746961 0.0705291 0.0694627 0.0656507 0.1604038 0.0819567 0.0751003 0.0715384 0.0735619 0.0729218 0.0812253 0.1768904 0.0745446 0.0936649 0.0902685 0.0761893 0.1832053 0.2454897 0.2341713 0.3454703 0.3796777 0.3157478 0.1454750 0.1575222 0.3099749 0.3222661 0.1777392 0.5645702 1.1901819 
MH174504.1     0.1415780 0.0564131 0.0654430 0.0552088 0.1619317 0.1508067 0.0518504 0.0533740 0.1607677 0.1947956 0.1486952 0.0476544 0.0469596 0.2035968 0.1744870 0.0674128 0.2306105 0.1985057 0.0520773 0.0618020 0.0506398 0.0231498 0.0504541 0.0294102 0.0474985 0.0308834 0.0446091 0.0000000 0.0864681 0.0709436 0.0954184 0.0613738 0.0691007 0.0614631 0.0889074 0.0857093 0.1399873 0.0988828 0.0973931 0.0801573 0.0763365 0.0758088 0.0835479 0.1429109 0.0886659 0.1184607 0.0761227 0.0631716 0.1378089 0.1891179 0.2214912 0.3655632 0.3550883 0.3298123 0.1953399 0.1929747 0.2725931 0.3297809 0.1960379 0.4030024 0.8301171 
MH174557.1     0.0505762 0.0416270 0.0499677 0.0352225 0.0320210 0.0382970 0.0352016 0.0377409 0.0505762 0.0716911 0.0718119 0.0452725 0.0349361 0.0681790 0.0664595 0.0534127 0.0700987 0.0788003 0.0802480 0.0902567 0.0717931 0.0580902 0.0705599 0.0512914 0.0773169 0.0572494 0.0670967 0.0864681 0.0000000 0.1341232 0.1375754 0.1108106 0.1160187 0.1077146 0.1360152 0.1214157 0.2114370 0.1222862 0.1368199 0.1087436 0.1128151 0.1126351 0.1252454 0.2067308 0.1304592 0.1654644 0.1585649 0.1122759 0.2410802 0.0740264 0.0603415 0.2075214 0.3103811 0.1418138 0.2221703 0.2223849 0.2987064 0.3690396 0.2677215 0.5637712 1.3557141 
KC708389.1     0.2075159 0.1090696 0.1112974 0.0914272 0.2088960 0.1959257 0.1000862 0.1001514 0.2310928 0.2731771 0.2437855 0.0871308 0.1006047 0.2083700 0.2006078 0.1089037 0.3186747 0.3062202 0.0993708 0.0954517 0.0896903 0.0779050 0.0781815 0.0806566 0.0801497 0.0773238 0.0907181 0.0709436 0.1341232 0.0000000 0.0107532 0.0119428 0.0119428 0.0162680 0.0162680 0.0203743 0.0790448 0.0335160 0.0254340 0.0231263 0.0276176 0.0295422 0.0305702 0.1059215 0.0378250 0.0518239 0.0338030 0.0315904 0.0516210 0.2407937 0.2528029 0.3915867 0.4129017 0.3929253 0.1739463 0.2180124 0.3402370 0.3149144 0.1762325 0.2965888 0.9270241 
DQ322628.1     0.2471196 0.1075771 0.1232092 0.1002606 0.2486182 0.2343060 0.0994221 0.1003241 0.2471196 0.2908643 0.2603177 0.0979138 0.0924760 0.2485356 0.2397493 0.1153295 0.3701986 0.3562642 0.0863556 0.0947481 0.0853284 0.0761172 0.0935370 0.0694118 0.0931392 0.0804724 0.0794080 0.0954184 0.1375754 0.0107532 0.0000000 0.0094337 0.0111536 0.0173209 0.0275995 0.0256104 0.1045495 0.0360740 0.0220392 0.0303519 0.0308872 0.0296860 0.0279003 0.1343426 0.0462528 0.0756723 0.0479487 0.0441385 0.0730726 0.3123807 0.3272188 0.4142124 0.3958068 0.4903882 0.1675652 0.1642507 0.2370055 0.2541382 0.1907241 0.3778482 0.9802864 
KJ952220.1     0.1728780 0.0800846 0.1159989 0.0760810 0.1956834 0.1831749 0.0825022 0.0774436 0.2170951 0.2576674 0.2293317 0.0913788 0.0798788 0.1949839 0.1875943 0.0841071 0.2470841 0.2368894 0.0745143 0.0723426 0.0716526 0.0653182 0.0709451 0.0658991 0.0662262 0.0643060 0.0757028 0.0613738 0.1108106 0.0119428 0.0094337 0.0000000 0.0000010 0.0142051 0.0134292 0.0150046 0.0565030 0.0250171 0.0203208 0.0232522 0.0241291 0.0269547 0.0277230 0.0808718 0.0367696 0.0564993 0.0429255 0.0411124 0.0326911 0.2512129 0.2636425 0.3717040 0.3283146 0.3731871 0.1345609 0.1452901 0.2198876 0.2306842 0.1378521 0.3427303 0.7874608 
JF414208.1     0.1728780 0.0862694 0.1159989 0.0823712 0.1956834 0.1831749 0.0886611 0.0835174 0.2170951 0.2576674 0.2293317 0.0913788 0.0879167 0.1949839 0.1875943 0.0937929 0.2470841 0.2368894 0.0800201 0.0787276 0.0786345 0.0698969 0.0767181 0.0649298 0.0744860 0.0770386 0.0746961 0.0691007 0.1160187 0.0119428 0.0111536 0.0000010 0.0000000 0.0134431 0.0147760 0.0162475 0.0565030 0.0263123 0.0205085 0.0255834 0.0246360 0.0261362 0.0278342 0.0808718 0.0403047 0.0584092 0.0429255 0.0411472 0.0326911 0.2512129 0.2636425 0.3717040 0.3283146 0.3731871 0.1497814 0.1497293 0.2170918 0.2306842 0.1441624 0.3427303 0.7874608 
KJ952217.1     0.1705978 0.0807400 0.1111348 0.0761862 0.1931372 0.1807775 0.0864037 0.0775501 0.2142943 0.2543672 0.2263814 0.0899218 0.0799875 0.1924068 0.1851254 0.0842199 0.2698937 0.2590067 0.0754662 0.0733008 0.0770044 0.0685450 0.0687017 0.0659938 0.0679426 0.0660039 0.0705291 0.0614631 0.1077146 0.0162680 0.0173209 0.0142051 0.0134431 0.0000000 0.0006937 0.0072223 0.0339566 0.0215789 0.0221980 0.0158483 0.0266533 0.0278377 0.0313628 0.0623328 0.0359291 0.0534559 0.0401596 0.0430205 0.0156459 0.2479835 0.2602238 0.3670964 0.3550883 0.3465327 0.1342870 0.1521663 0.2160163 0.2364728 0.1355731 0.3467327 0.7823569 
MH174467.1     0.1705978 0.1057226 0.1111348 0.0994292 0.1931372 0.1807775 0.0950836 0.1019526 0.2142943 0.2543672 0.2263814 0.0899218 0.0877465 0.1924068 0.1851254 0.1093326 0.2698937 0.2590067 0.0818682 0.0938566 0.0838900 0.0725310 0.0886210 0.0649490 0.0951649 0.0726288 0.0694627 0.0889074 0.1360152 0.0162680 0.0275995 0.0134292 0.0147760 0.0006937 0.0000000 0.0157300 0.0339566 0.0324221 0.0319925 0.0197721 0.0270746 0.0269871 0.0317318 0.0623328 0.0487150 0.0760560 0.0401596 0.0420925 0.0156459 0.2479835 0.2602238 0.3670964 0.3550883 0.3465327 0.1703504 0.1920125 0.2160163 0.2364728 0.1913497 0.3467327 0.7823569 
MH174500.1     0.1533192 0.0942202 0.1059481 0.0893423 0.1644670 0.1532202 0.0919323 0.0914159 0.1837893 0.2202696 0.1947956 0.0805732 0.0827936 0.1633221 0.1569529 0.0983909 0.2340068 0.2243715 0.0763755 0.0839305 0.0793722 0.0690658 0.0767939 0.0607793 0.0831356 0.0741917 0.0656507 0.0857093 0.1214157 0.0203743 0.0256104 0.0150046 0.0162475 0.0072223 0.0157300 0.0000000 0.0459637 0.0205147 0.0308462 0.0222847 0.0278650 0.0273514 0.0332458 0.0660892 0.0449964 0.0712592 0.0401585 0.0419660 0.0396624 0.2379020 0.2496221 0.3226955 0.3264466 0.3020440 0.1758294 0.1679832 0.2270093 0.2545669 0.1755109 0.3954306 0.9121115 
KX434776.1     0.1593850 0.1461971 0.1593850 0.1812307 0.1812307 0.1692654 0.1705978 0.1908702 0.2017341 0.2405292 0.1909963 0.1612901 0.1803297 0.1803297 0.1273987 0.1129924 0.2088681 0.2205923 0.3411302 0.2626811 0.2531850 0.1426747 0.1210026 0.1309726 0.1725174 0.1165422 0.1604038 0.1399873 0.2114370 0.0790448 0.1045495 0.0565030 0.0565030 0.0339566 0.0339566 0.0459637 0.0000000 0.0207684 0.1320956 0.0784153 0.1046838 0.1072728 0.1196905 0.0376492 0.1698269 0.1860970 0.1405870 0.1378975 0.0491028 0.2467668 0.2143192 0.3495638 0.3533591 0.3128697 0.7685762 0.4365748 0.9707740 0.9841831 0.9241517 0.3495581 0.8236490 
MH174565.1     0.1439881 0.0951783 0.1171895 0.0951492 0.1548344 0.1438945 0.0941706 0.0949700 0.1736637 0.2091235 0.1843669 0.0968676 0.0888284 0.1535301 0.1317026 0.1035685 0.2016685 0.2130599 0.0890595 0.0961094 0.0953628 0.0790470 0.0860952 0.0716047 0.0944608 0.0844809 0.0819567 0.0988828 0.1222862 0.0335160 0.0360740 0.0250171 0.0263123 0.0215789 0.0324221 0.0205147 0.0207684 0.0000000 0.0414902 0.0318692 0.0345554 0.0344502 0.0430917 0.0381407 0.0524504 0.0803543 0.0568731 0.0531182 0.0407455 0.2262274 0.2158496 0.3084420 0.3266455 0.2885393 0.1792023 0.1817087 0.2321506 0.2564111 0.1879540 0.3838869 0.9150451 
MH174518.1     0.2049526 0.1084013 0.1206883 0.0963042 0.1952969 0.1828208 0.0992650 0.0990580 0.1939698 0.2320674 0.2054687 0.0937362 0.0927382 0.1945930 0.1980976 0.1186891 0.3150575 0.2888640 0.0803796 0.0924862 0.0849970 0.0782690 0.0917451 0.0661907 0.0953860 0.0841699 0.0751003 0.0973931 0.1368199 0.0254340 0.0220392 0.0203208 0.0205085 0.0221980 0.0319925 0.0308462 0.1320956 0.0414902 0.0000000 0.0310579 0.0331277 0.0337955 0.0198399 0.1484279 0.0451512 0.0761841 0.0467908 0.0449660 0.1041729 0.2615629 0.3038566 0.3709305 0.3082911 0.4418774 0.1755211 0.1813211 0.2546884 0.2838428 0.2024053 0.3902174 0.9124783 
KC708419.1     0.1435327 0.0858925 0.1043758 0.0800002 0.1543457 0.1434394 0.0850224 0.0811321 0.1731187 0.2084745 0.1837893 0.0845863 0.0824446 0.1530353 0.1469696 0.0953920 0.2460643 0.2360246 0.0794264 0.0806711 0.0794269 0.0731504 0.0734299 0.0632064 0.0814044 0.0840101 0.0715384 0.0801573 0.1087436 0.0231263 0.0303519 0.0232522 0.0255834 0.0158483 0.0197721 0.0222847 0.0784153 0.0318692 0.0310579 0.0000000 0.0310866 0.0285951 0.0384822 0.0846358 0.0388273 0.0501088 0.0483065 0.0482233 0.0329082 0.2025404 0.2127753 0.3374724 0.3256976 0.3707675 0.1589173 0.1608060 0.2342987 0.2531915 0.1606442 0.3666436 0.9947433 
JF414214.1     0.1979197 0.0846801 0.1131586 0.0803803 0.2106512 0.1977944 0.0894177 0.0792885 0.2326822 0.2486108 0.2452955 0.0907832 0.0864154 0.2101539 0.2047516 0.0965508 0.2794522 0.2794522 0.0790459 0.0802238 0.0840980 0.0730336 0.0789430 0.0663896 0.0827670 0.0802957 0.0735619 0.0763365 0.1128151 0.0276176 0.0308872 0.0241291 0.0246360 0.0266533 0.0270746 0.0278650 0.1046838 0.0345554 0.0331277 0.0310866 0.0000000 0.0181736 0.0414147 0.1120030 0.0360155 0.0535960 0.0485994 0.0450925 0.0918493 0.2385952 0.2401556 0.3238484 0.2977369 0.3574278 0.1381966 0.1614420 0.2408741 0.2822933 0.1466199 0.4616180 1.0891377 
KJ952221.1     0.2025501 0.0851386 0.1213489 0.0777898 0.2155336 0.2024211 0.0903021 0.0791587 0.2379947 0.2542252 0.2508495 0.1005689 0.0846627 0.2150919 0.1875235 0.0875083 0.2720378 0.2856554 0.0710486 0.0719222 0.0738004 0.0671861 0.0728414 0.0671937 0.0718104 0.0719278 0.0729218 0.0758088 0.1126351 0.0295422 0.0296860 0.0269547 0.0261362 0.0278377 0.0269871 0.0273514 0.1072728 0.0344502 0.0337955 0.0285951 0.0181736 0.0000000 0.0416637 0.1147380 0.0355009 0.0527790 0.0438741 0.0403634 0.1022555 0.2440329 0.2453630 0.3308888 0.2149122 0.3744570 0.1314909 0.1485009 0.2462829 0.2478037 0.1309016 0.4201962 0.8957449 
JF414210.1     0.2547387 0.0986920 0.1258645 0.0927483 0.2438249 0.2297211 0.1034610 0.0939505 0.2680268 0.3139155 0.2269708 0.1100461 0.0980239 0.2436951 0.2111888 0.1080453 0.3322120 0.3193828 0.0859507 0.0894852 0.0894783 0.0752572 0.0850262 0.0704017 0.0837939 0.0863995 0.0812253 0.0835479 0.1252454 0.0305702 0.0279003 0.0277230 0.0278342 0.0313628 0.0317318 0.0332458 0.1196905 0.0430917 0.0198399 0.0384822 0.0414147 0.0416637 0.0000000 0.1657934 0.0471450 0.0665704 0.0600358 0.0545296 0.1338073 0.2921765 0.3062015 0.4433598 0.4057054 0.4523933 0.1617061 0.1683978 0.2551025 0.2812305 0.1715826 0.4081242 0.9856315 
KX434785.1     0.1654250 0.1520942 0.1861696 0.1770532 0.1770532 0.1653183 0.1767272 0.1657290 0.1758124 0.2116748 0.1866379 0.1676012 0.1868950 0.1868950 0.1521353 0.1273508 0.2396197 0.2396197 0.3865916 0.3013951 0.2915541 0.1486410 0.1264563 0.1365195 0.1490472 0.0976540 0.1768904 0.1429109 0.2067308 0.1059215 0.1343426 0.0808718 0.0808718 0.0623328 0.0623328 0.0660892 0.0376492 0.0381407 0.1484279 0.0846358 0.1120030 0.1147380 0.1657934 0.0000000 0.1759567 0.1923962 0.1341737 0.1407642 0.0619579 0.2537193 0.2208621 0.3582761 0.3994858 0.3230116 0.7883687 0.4626362 1.0079648 1.1136455 1.0425002 0.3121313 0.8811843 
MH174576.1     0.1976432 0.1002797 0.1167640 0.0896506 0.2340588 0.2203066 0.0975337 0.0917308 0.2705686 0.2881683 0.2617395 0.0980131 0.0911399 0.2463666 0.2252877 0.1041885 0.2910270 0.2532065 0.0789944 0.0869915 0.0871117 0.0773316 0.0915561 0.0727832 0.0867939 0.0800530 0.0745446 0.0886659 0.1304592 0.0378250 0.0462528 0.0367696 0.0403047 0.0359291 0.0487150 0.0449964 0.1698269 0.0524504 0.0451512 0.0388273 0.0360155 0.0355009 0.0471450 0.1759567 0.0000000 0.0256334 0.0506873 0.0442751 0.1502066 0.2547437 0.2943579 0.3887306 0.2709400 0.3584416 0.1616536 0.1821170 0.2269488 0.3080456 0.1816058 0.4006981 1.0965986 
MH174571.1     0.2391829 0.1283751 0.1401129 0.1190808 0.2798526 0.2644920 0.1002797 0.1213992 0.3207136 0.3402716 0.3108319 0.1221941 0.1155335 0.2939708 0.2702663 0.1320349 0.3437720 0.3014016 0.0978317 0.1213587 0.1075514 0.0969861 0.1257265 0.0974828 0.1194597 0.1016909 0.0936649 0.1184607 0.1654644 0.0518239 0.0756723 0.0564993 0.0584092 0.0534559 0.0760560 0.0712592 0.1860970 0.0803543 0.0761841 0.0501088 0.0535960 0.0527790 0.0665704 0.1923962 0.0256334 0.0000000 0.0581109 0.0625553 0.1430944 0.3030403 0.3475547 0.4155571 0.3213876 0.3836310 0.1653932 0.1680318 0.2312960 0.3159213 0.1967465 0.4046509 1.0823420 
KC708415.1     0.2002088 0.1213409 0.1215582 0.0977559 0.2015483 0.1889657 0.1094097 0.1026975 0.2002088 0.2148483 0.2118086 0.1007553 0.1150857 0.2124536 0.2159409 0.1177345 0.3377765 0.2960891 0.1125619 0.1037103 0.0985402 0.0780024 0.0841331 0.0876622 0.0806219 0.0814316 0.0902685 0.0761227 0.1585649 0.0338030 0.0479487 0.0429255 0.0429255 0.0401596 0.0401596 0.0401585 0.1405870 0.0568731 0.0467908 0.0483065 0.0485994 0.0438741 0.0600358 0.1341737 0.0506873 0.0581109 0.0000000 0.0083579 0.1293456 0.2324860 0.2695540 0.3269124 0.3504681 0.3581003 0.1899087 0.2474059 0.4379711 0.4240937 0.2112255 0.3485497 1.0201960 
KJ952219.1     0.1859444 0.0884953 0.1149478 0.0771058 0.1872250 0.1751667 0.0942245 0.0762806 0.1859444 0.1999637 0.1970655 0.0947874 0.0851227 0.1974906 0.2009537 0.0911575 0.3177497 0.2778034 0.0863528 0.0768031 0.0754366 0.0623898 0.0705910 0.0670253 0.0636270 0.0638074 0.0761893 0.0631716 0.1122759 0.0315904 0.0441385 0.0411124 0.0411472 0.0430205 0.0420925 0.0419660 0.1378975 0.0531182 0.0449660 0.0482233 0.0450925 0.0403634 0.0545296 0.1407642 0.0442751 0.0625553 0.0083579 0.0000000 0.1357646 0.2168195 0.2522099 0.3372580 0.3300148 0.3689927 0.1439818 0.1634905 0.3024435 0.3143275 0.1485999 0.3485497 1.0256350 
KX434780.1     0.1565889 0.1602678 0.1768406 0.1888607 0.1888607 0.1767272 0.1676226 0.1986318 0.2096458 0.2490319 0.2215218 0.1686969 0.1880760 0.1880760 0.1809630 0.1810854 0.2642445 0.2535771 0.3160485 0.2418851 0.2487803 0.1595880 0.1370483 0.1599752 0.1992212 0.1380469 0.1832053 0.1378089 0.2410802 0.0516210 0.0730726 0.0326911 0.0326911 0.0156459 0.0156459 0.0396624 0.0491028 0.0407455 0.1041729 0.0329082 0.0918493 0.1022555 0.1338073 0.0619579 0.1502066 0.1430944 0.1293456 0.1357646 0.0000000 0.2302881 0.2417424 0.3599161 0.3474396 0.3462049 0.7247881 0.5184163 1.0612587 0.9540746 0.9671292 0.2957216 0.7955444 
Taxa_1566      0.0638657 0.0722710 0.0705301 0.0566837 0.0566837 0.0497850 0.0441216 0.0776249 0.0918900 0.1170969 0.1014245 0.0646709 0.0982256 0.0982256 0.0984238 0.1440537 0.1345714 0.1015681 0.2728811 0.2243416 0.2122100 0.1823679 0.1590965 0.1606704 0.2354485 0.1879237 0.2454897 0.1891179 0.0740264 0.2407937 0.3123807 0.2512129 0.2512129 0.2479835 0.2479835 0.2379020 0.2467668 0.2262274 0.2615629 0.2025404 0.2385952 0.2440329 0.2921765 0.2537193 0.2547437 0.3030403 0.2324860 0.2168195 0.2302881 0.0000000 0.0391765 0.2270663 0.2669451 0.1279468 0.7331679 0.5271802 1.0599039 1.2259300 1.3716405 0.5733815 1.2211585 
Taxa_1337      0.0889425 0.0796412 0.0964949 0.0806671 0.0806671 0.0727003 0.0663701 0.1046035 0.1044236 0.1315831 0.1318123 0.0901002 0.1288823 0.1288823 0.0988245 0.1296637 0.1351704 0.1320984 0.3488406 0.2350068 0.2474072 0.2296275 0.1432667 0.1354882 0.2151494 0.1705550 0.2341713 0.2214912 0.0603415 0.2528029 0.3272188 0.2636425 0.2636425 0.2602238 0.2602238 0.2496221 0.2143192 0.2158496 0.3038566 0.2127753 0.2401556 0.2453630 0.3062015 0.2208621 0.2943579 0.3475547 0.2695540 0.2522099 0.2417424 0.0391765 0.0000000 0.3550251 0.3416573 0.1896160 0.7373581 0.4528901 0.9310284 1.2536986 1.2545097 0.5645898 1.1482504 
Taxa_1928      0.1462205 0.1590253 0.1369548 0.1382299 0.1382299 0.1486410 0.1565974 0.1464799 0.1462205 0.1371097 0.1784320 0.1350913 0.0889813 0.0889813 0.1818447 0.2253901 0.2424684 0.2141166 0.4915958 0.3463408 0.3673814 0.2944016 0.3512603 0.2899890 0.2977565 0.2711022 0.3454703 0.3655632 0.2075214 0.3915867 0.4142124 0.3717040 0.3717040 0.3670964 0.3670964 0.3226955 0.3495638 0.3084420 0.3709305 0.3374724 0.3238484 0.3308888 0.4433598 0.3582761 0.3887306 0.4155571 0.3269124 0.3372580 0.3599161 0.2270663 0.3550251 0.0000000 0.3816808 0.2864383 0.8461270 0.7171144 1.2827969 1.4777916 1.5708590 1.0147429 1.3424241 
KX434782.1     0.2233390 0.2401489 0.2600669 0.2620854 0.2620854 0.2474527 0.2365119 0.2739679 0.3009531 0.3195979 0.3202372 0.2382350 0.2890931 0.2890931 0.2657928 0.2530079 0.2522446 0.2302136 0.0775051 0.1417621 0.1220902 0.3947418 0.3390330 0.3115877 0.4152530 0.3813392 0.3796777 0.3550883 0.3103811 0.4129017 0.3958068 0.3283146 0.3283146 0.3550883 0.3550883 0.3264466 0.3533591 0.3266455 0.3082911 0.3256976 0.2977369 0.2149122 0.4057054 0.3994858 0.2709400 0.3213876 0.3504681 0.3300148 0.3474396 0.2669451 0.3416573 0.3816808 0.0000000 0.3660468 0.7629665 0.7484138 1.5683304 1.4767614 1.2507869 0.8569157 1.2313314 
Taxa_429       0.1352727 0.1573228 0.1731771 0.1344305 0.1253053 0.1351868 0.1341956 0.1638052 0.1536241 0.1861169 0.1864523 0.1683267 0.1637680 0.1536636 0.2093616 0.1864734 0.2220007 0.1765137 0.3733644 0.3229849 0.3756447 0.3065157 0.3623876 0.3295310 0.3791526 0.3131493 0.3157478 0.3298123 0.1418138 0.3929253 0.4903882 0.3731871 0.3731871 0.3465327 0.3465327 0.3020440 0.3128697 0.2885393 0.4418774 0.3707675 0.3574278 0.3744570 0.4523933 0.3230116 0.3584416 0.3836310 0.3581003 0.3689927 0.3462049 0.1279468 0.1896160 0.2864383 0.3660468 0.0000000 0.7930971 0.7128991 1.3808282 1.7316910 1.8642143 0.5119457 1.2861281 
OUT_X54866.1   0.8046754 0.2109247 0.2527617 0.2013536 0.7297754 0.7005023 0.2018861 0.2033121 0.7141196 0.7527218 0.8013767 0.2159991 0.1759689 0.7725297 0.6742362 0.2059486 0.8028121 0.8158731 0.1797664 0.1851052 0.1724227 0.1656036 0.2045581 0.1555683 0.2050630 0.1765521 0.1454750 0.1953399 0.2221703 0.1739463 0.1675652 0.1345609 0.1497814 0.1342870 0.1703504 0.1758294 0.7685762 0.1792023 0.1755211 0.1589173 0.1381966 0.1314909 0.1617061 0.7883687 0.1616536 0.1653932 0.1899087 0.1439818 0.7247881 0.7331679 0.7373581 0.8461270 0.7629665 0.7930971 0.0000000 0.1881360 0.2979912 0.3227720 0.2296164 0.8777168 1.4314176 
OUT_AY665772.1 0.4629968 0.1922975 0.2567955 0.1821275 0.4050203 0.3851620 0.1885131 0.1895758 0.4445388 0.5095913 0.4644802 0.2200703 0.1732141 0.4506661 0.3213990 0.1873783 0.4166832 0.4709137 0.1924284 0.1870427 0.1800406 0.1688051 0.1928201 0.1514879 0.1922496 0.1756723 0.1575222 0.1929747 0.2223849 0.2180124 0.1642507 0.1452901 0.1497293 0.1521663 0.1920125 0.1679832 0.4365748 0.1817087 0.1813211 0.1608060 0.1614420 0.1485009 0.1683978 0.4626362 0.1821170 0.1680318 0.2474059 0.1634905 0.5184163 0.5271802 0.4528901 0.7171144 0.7484138 0.7128991 0.1881360 0.0000000 0.3279253 0.4139392 0.2454816 0.8752647 1.0919720 
OUT_KU136417.1 0.9812834 0.2706973 0.4284137 0.2758543 0.9653341 0.9275846 0.2746235 0.2857249 1.0476751 1.1018522 1.0619094 0.4072795 0.2932222 1.0512981 0.8982624 0.2972388 0.8808180 0.9765779 0.3115427 0.3030574 0.3143450 0.3047609 0.2880969 0.2744684 0.2670183 0.2697807 0.3099749 0.2725931 0.2987064 0.3402370 0.2370055 0.2198876 0.2170918 0.2160163 0.2160163 0.2270093 0.9707740 0.2321506 0.2546884 0.2342987 0.2408741 0.2462829 0.2551025 1.0079648 0.2269488 0.2312960 0.4379711 0.3024435 1.0612587 1.0599039 0.9310284 1.2827969 1.5683304 1.3808282 0.2979912 0.3279253 0.0000000 0.2022275 0.1554774 1.3375579 1.3142616 
OUT_LN621100.1 1.2244232 0.3413925 0.4289784 0.3174451 1.1941743 1.1420870 0.3236072 0.3479340 1.2916013 1.4108425 1.2936354 0.4148422 0.3538439 1.3341556 1.2552595 0.3301559 1.2548323 1.2566951 0.3052695 0.3235154 0.3326609 0.3319065 0.3190340 0.3139805 0.3290173 0.3340120 0.3222661 0.3297809 0.3690396 0.3149144 0.2541382 0.2306842 0.2306842 0.2364728 0.2364728 0.2545669 0.9841831 0.2564111 0.2838428 0.2531915 0.2822933 0.2478037 0.2812305 1.1136455 0.3080456 0.3159213 0.4240937 0.3143275 0.9540746 1.2259300 1.2536986 1.4777916 1.4767614 1.7316910 0.3227720 0.4139392 0.2022275 0.0000000 0.0501014 1.5791440 1.1384246 
OUT_Y17633.2   1.4290017 0.2269761 0.2953166 0.2241583 1.3950219 1.3467186 0.2215320 0.2293292 1.4691305 1.5476571 1.4806721 0.2629297 0.2016852 1.5132642 1.1868691 0.2269657 1.1670319 1.3260381 0.1711549 0.2034318 0.1890620 0.1785913 0.2077078 0.1581558 0.2172281 0.1848985 0.1777392 0.1960379 0.2677215 0.1762325 0.1907241 0.1378521 0.1441624 0.1355731 0.1913497 0.1755109 0.9241517 0.1879540 0.2024053 0.1606442 0.1466199 0.1309016 0.1715826 1.0425002 0.1816058 0.1967465 0.2112255 0.1485999 0.9671292 1.3716405 1.2545097 1.5708590 1.2507869 1.8642143 0.2296164 0.2454816 0.1554774 0.0501014 0.0000000 1.4940725 1.4053868 
KX434781.1     0.4868173 0.5340512 0.5242605 0.5685497 0.5491668 0.5732452 0.5269808 0.5458356 0.5462312 0.6158868 0.5473987 0.5996262 0.5937678 0.5735038 0.5825892 0.5008860 0.6809540 0.6024317 0.8119198 0.6460996 0.7742357 0.3919442 0.4047585 0.3909192 0.4674093 0.4235221 0.5645702 0.4030024 0.5637712 0.2965888 0.3778482 0.3427303 0.3427303 0.3467327 0.3467327 0.3954306 0.3495581 0.3838869 0.3902174 0.3666436 0.4616180 0.4201962 0.4081242 0.3121313 0.4006981 0.4046509 0.3485497 0.3485497 0.2957216 0.5733815 0.5645898 1.0147429 0.8569157 0.5119457 0.8777168 0.8752647 1.3375579 1.5791440 1.4940725 0.0000000 1.0467682 
JX301671.1     1.1344856 1.2328499 1.1901130 1.1436693 1.1110389 1.1110389 1.1190317 1.1682652 1.1572519 1.2717070 1.0807294 1.1901130 1.2919198 1.2570059 1.1645698 0.9748843 1.1292312 1.0208636 1.0967271 1.1329752 1.2805491 1.0377970 0.9084113 0.9903305 0.8486330 0.9079818 1.1901819 0.8301171 1.3557141 0.9270241 0.9802864 0.7874608 0.7874608 0.7823569 0.7823569 0.9121115 0.8236490 0.9150451 0.9124783 0.9947433 1.0891377 0.8957449 0.9856315 0.8811843 1.0965986 1.0823420 1.0201960 1.0256350 0.7955444 1.2211585 1.1482504 1.3424241 1.2313314 1.2861281 1.4314176 1.0919720 1.3142616 1.1384246 1.4053868 1.0467682 0.0000000 
